45  50  50  120 -1  -1  120 75  -1  -1  65  105 -1  10  105 1   55  5   25  60  55  75  -1  120 25  
-1  -1  -1  -1  -1  -1  -1  -1  -1  -1  -1  -1  -1  -1  -1  -1  -1  -1  -1  -1  -1  -1  -1  -1  -1  
75  70  75  -1  40  55  -1  -1  45  65  -1  90  55  45  85  15  80  40  70  80  80  -1  60  -1  70  
25  60  65  65  25  25  -1  -1  25  55  -1  75  25  25  75  10  65  20  55  55  65  -1  25  95  55  
85  80  80  -1  50  95  -1  -1  60  95  -1  95  95  55  90  25  90  50  80  90  85  -1  95  -1  80  
-1  -1  -1  -1  -1  -1  -1  -1  -1  -1  -1  -1  -1  -1  -1  -1  -1  -1  -1  -1  -1  -1  -1  -1  -1
-1  -1  -1  -1  -1  -1  -1  -1  -1  -1  -1  -1  -1  -1  -1  -1  -1  -1  -1  -1  -1  -1  -1  -1  -1  
95  105 105 -1  75  95  -1  -1  75  85  -1  110 95  95  110 35  105 90  105 105 105 -1  95  -1  105 
-1  -1  -1  115 -1  -1  120 100 -1  -1  100 -1  -1  -1  -1  -1  -1  -1  -1  -1  -1  100 -1  115 -1  
-1  -1  -1  115 -1  25  120 65  5   -1  55  -1  -1  -1  -1  -1  -1  -1  -1  -1  -1  100 90  115 -1  
-1  -1  -1  100 -1  -1  120 100 -1  -1  55  -1  -1  -1  -1  -1  -1  -1  -1  -1  -1  85  -1  100 -1  
5   14  15  7   -1  -1  -1  -1  -1  -1  -1  55  -1  1   45  1   26  1   5   12  25  -1  -1  30  5   
-1  -1  -1  -1  -1  -1  -1  -1  -1  -1  -1  -1  -1  -1  -1  -1  -1  -1  -1  -1  -1  -1  -1  -1  -1  
105 105 105 12  10  35  -1  -1  10  45  -1  105 35  55  95  25  105 45  85  105 105 -1  10  45  85  
65  75  70  9   -1  -1  -1  -1  -1  -1  -1  65  -1  15  55  5   85  15  55  85  85  -1  -1  35  55  
195 195 195 22  45  105 -1  -1  45  65  -1  135 75  125 125 65  195 115 180 195 195 -1  45  55  180 
-1  -1  -1  120 -1  -1  120 100 -1  -1  100 -1  -1  -1  -1  -1  -1  -1  -1  -1  -1  100 -1  120 -1  
115 125 115 22  15  40  -1  -1  15  50  -1  125 50  75  115 35  125 55  105 125 125 -1  15  55  105 
85  80  80  105 55  60  120 75  60  85  65  95  60  55  90  25  90  50  80  90  85  75  85  105 80  
4   45  45  12  -1  -1  -1  -1  -1  -1  -1  70  -1  1   65  1   28  1   6   35  55  -1  -1  35  6   
85  80  80  -1  55  60  -1  -1  60  85  -1  95  60  55  90  25  90  50  80  90  85  -1  85  -1  80  
50  85  75  85  45  65  120 70  45  35  45  90  65  70  90  15  85  60  80  85  85  55  55  95  75  
-1  -1  -1  -1  55  95  -1  -1  75  25  -1  -1  95  -1  -1  -1  -1  -1  -1  -1  -1  -1  55  -1  -1  
-1  -1  -1  -1  -1  -1  -1  -1  -1  -1  -1  -1  -1  -1  -1  -1  -1  -1  -1  -1  -1  -1  -1  -1  -1  
65  75  70  10  1   10  -1  -1  1   5   -1  75  10  15  70  10  85  15  55  85  85  -1  1   40  55  